,Year,Kenteken,Inrichting,Eerste kleur,Massa rijklaar,Catalogusprijs,CarBrand,Datum,Type,Month,MonthYear
0,2010.0,1,1,1,1,1,1,1,1,1,1
1,2011.0,30,30,30,30,30,30,30,30,30,30
2,2012.0,22,22,22,22,22,22,22,22,22,22
3,2013.0,351,351,351,351,351,351,351,351,351,351
4,2014.0,306,306,306,306,306,306,306,306,306,306
5,2015.0,401,401,401,401,401,401,401,400,401,401
6,2016.0,1206,1206,1206,1206,1206,1206,1206,1205,1206,1206
7,2017.0,4797,4797,4797,4797,4797,4797,4797,4796,4797,4797
8,2018.0,18689,18689,18689,18689,18689,18689,18689,18687,18689,18689
9,2019.0,56283,56283,56283,56283,56283,56283,56283,56283,56283,56283
10,2020.0,70310,70310,70310,70310,70310,70310,70310,70309,70310,70310
11,2021.0,60391,60391,60391,60391,60391,60391,60391,60391,60391,60391
